Population size (popsize) =   100
Chromosome length (lchrom) =    15
Maximum # of generations (maxgen)   100
Crossover probability (pcross) = 6.00000e-01
Mutation probability (pmutation) = 3.33000e-02

 Initial Generation Statistics
---------------------------------

Initial population maximum fitness = 2.07330e+01
Initial population average fitness = 7.37412e+00
Initial population minimum fitness = 1.00000e-30
Initial population sum of  fitness = 7.37412e+02



Generation #    1 data (lchrom    15)
No. parent1 parent2      x     fitness
----------------------------------
Old Generation of Generation No.     1
    1     0     0 1.682e+00 1.265e+00    1.000e-30
    2     0     0 -4.187e-01 4.514e-01    2.009e+01
    3     0     0 -1.668e+00 -1.188e+00    1.000e-30
    4     0     0 3.209e-01 1.261e+00    1.949e+01
    5     0     0 1.508e+00 4.072e-01    1.000e-30
    6     0     0 8.210e-01 1.741e+00    1.000e-30
    7     0     0 1.134e+00 1.015e+00    1.000e-30
    8     0     0 1.623e+00 -1.405e+00    1.000e-30
    9     0     0 -1.057e-01 1.122e+00    2.013e+01
   10     0     0 -1.693e+00 1.138e+00    1.000e-30
   11     0     0 -1.778e+00 8.393e-02    1.000e-30
   12     0     0 1.430e+00 -1.107e+00    1.000e-30
   13     0     0 1.875e+00 -8.307e-02    1.000e-30
   14     0     0 -8.341e-01 -8.026e-02    2.001e+01
   15     0     0 -1.337e+00 -7.855e-01    1.000e-30
   16     0     0 1.190e+00 -1.043e-01    1.999e+01
   17     0     0 1.976e+00 -1.170e-01    1.000e-30
   18     0     0 1.739e+00 7.689e-01    1.000e-30
   19     0     0 -1.176e+00 -6.585e-01    2.051e+01
   20     0     0 -1.384e+00 -6.754e-01    1.000e-30
   21     0     0 9.414e-01 -5.750e-01    1.969e+01
   22     0     0 5.640e-01 -1.253e+00    1.911e+01
   23     0     0 -1.379e+00 -8.399e-01    1.000e-30
   24     0     0 -1.195e+00 -1.587e+00    1.000e-30
   25     0     0 1.224e-01 -1.698e+00    1.000e-30
   26     0     0 1.985e+00 1.584e+00    1.000e-30
   27     0     0 -1.195e+00 -1.244e+00    1.000e-30
   28     0     0 1.714e+00 1.886e+00    1.000e-30
   29     0     0 1.324e+00 -1.274e+00    1.000e-30
   30     0     0 1.729e+00 1.561e+00    1.000e-30
   31     0     0 6.621e-01 -1.128e+00    1.916e+01
   32     0     0 -3.817e-01 -5.502e-01    2.012e+01
   33     0     0 -9.840e-01 1.299e-01    2.002e+01
   34     0     0 -1.492e+00 9.613e-01    1.000e-30
   35     0     0 -1.325e+00 8.771e-02    2.001e+01
   36     0     0 -1.111e+00 -1.568e+00    1.000e-30
   37     0     0 1.101e+00 5.113e-01    1.971e+01
   38     0     0 -1.580e+00 1.947e+00    1.000e-30
   39     0     0 1.478e+00 -1.072e+00    1.000e-30
   40     0     0 -5.607e-01 1.462e+00    1.000e-30
   41     0     0 -1.044e+00 -6.395e-01    2.043e+01
   42     0     0 1.516e+00 1.279e+00    1.000e-30
   43     0     0 -1.790e+00 1.827e+00    1.000e-30
   44     0     0 -2.211e-01 -1.890e+00    1.000e-30
   45     0     0 1.551e+00 7.331e-02    1.000e-30
   46     0     0 1.489e+00 1.805e+00    1.000e-30
   47     0     0 1.509e+00 1.205e+00    1.000e-30
   48     0     0 1.103e+00 2.594e-02    2.000e+01
   49     0     0 1.024e+00 -6.533e-01    1.956e+01
   50     0     0 -1.548e+00 -1.584e+00    1.000e-30
   51     0     0 -5.513e-01 -3.024e-01    2.005e+01
   52     0     0 -1.372e+00 -1.146e+00    1.000e-30
   53     0     0 -7.031e-01 -5.155e-01    2.019e+01
   54     0     0 -3.381e-01 1.661e+00    1.000e-30
   55     0     0 5.930e-01 4.896e-01    1.986e+01
   56     0     0 1.327e+00 1.577e+00    1.000e-30
   57     0     0 -1.775e+00 1.755e-01    1.000e-30
   58     0     0 -1.787e+00 -1.426e+00    1.000e-30
   59     0     0 2.774e-01 2.713e-01    1.998e+01
   60     0     0 -1.509e+00 -1.540e+00    1.000e-30
   61     0     0 -1.678e+00 5.037e-01    1.000e-30
   62     0     0 -3.243e-01 -5.738e-01    2.011e+01
   63     0     0 9.577e-01 1.312e+00    1.000e-30
   64     0     0 -2.878e-01 -6.743e-01    2.013e+01
   65     0     0 1.372e+00 -3.154e-01    1.986e+01
   66     0     0 3.845e-01 -1.069e+00    1.956e+01
   67     0     0 1.143e+00 3.580e-01    1.985e+01
   68     0     0 -1.265e-01 8.028e-01    2.008e+01
   69     0     0 2.474e-01 1.121e+00    1.969e+01
   70     0     0 -8.913e-01 -2.943e-01    2.008e+01
   71     0     0 -9.699e-02 9.875e-01    2.009e+01
   72     0     0 9.850e-01 1.422e+00    1.000e-30
   73     0     0 9.610e-01 1.018e+00    1.900e+01
   74     0     0 8.063e-02 -9.919e-01    1.992e+01
   75     0     0 -1.610e+00 -2.253e-01    1.000e-30
   76     0     0 7.996e-03 1.544e+00    1.000e-30
   77     0     0 4.067e-01 1.856e+00    1.000e-30
   78     0     0 -1.008e+00 -4.277e-01    2.018e+01
   79     0     0 1.321e+00 -1.415e+00    1.000e-30
   80     0     0 -1.113e+00 -1.413e+00    1.000e-30
   81     0     0 -1.438e+00 5.416e-01    1.000e-30
   82     0     0 1.189e+00 -1.855e+00    1.000e-30
   83     0     0 -4.569e-01 4.218e-01    2.008e+01
   84     0     0 -1.572e+00 -5.783e-01    1.000e-30
   85     0     0 1.044e+00 -1.873e+00    1.000e-30
   86     0     0 -1.820e+00 1.380e+00    1.000e-30
   87     0     0 -4.429e-01 -1.710e+00    1.000e-30
   88     0     0 9.682e-01 -1.669e+00    1.000e-30
   89     0     0 -7.570e-01 -1.291e+00    1.000e-30
   90     0     0 -1.493e+00 -8.945e-01    1.000e-30
   91     0     0 -1.789e+00 3.148e-01    1.000e-30
   92     0     0 9.918e-01 -1.940e+00    1.000e-30
   93     0     0 -7.263e-01 2.635e-01    2.005e+01
   94     0     0 1.235e+00 1.705e-01    1.996e+01
   95     0     0 1.151e+00 -1.668e+00    1.000e-30
   96     0     0 1.944e-01 -1.827e+00    1.000e-30
   97     0     0 -5.535e-01 1.151e+00    2.073e+01
   98     0     0 4.764e-01 1.581e+00    1.000e-30
   99     0     0 1.337e+00 -8.338e-01    1.000e-30
  100     0     0 9.235e-02 8.968e-01    1.993e+01
New Generation of Generation No.     1
    1    50    35 -5.483e-01 7.245e-02    2.000e+01
    2    50    35 -1.325e+00 -1.569e+00    1.000e-30
    3    33    70 -9.840e-01 1.456e-01    2.002e+01
    4    33    70 -9.533e-01 -2.630e-01    2.007e+01
    5    76    34 7.996e-03 1.669e+00    1.000e-30
    6    76    34 -1.492e+00 9.925e-01    1.000e-30
    7     5     2 1.508e+00 4.462e-01    1.000e-30
    8     5     2 -4.187e-01 4.123e-01    2.007e+01
    9    93    69 -7.263e-01 2.635e-01    2.005e+01
   10    93    69 1.247e+00 1.121e+00    1.000e-30
   11    90    31 7.259e-01 -1.378e+00    1.000e-30
   12    90    31 -1.492e+00 -8.984e-01    1.000e-30
   13    64    17 -2.880e-01 -4.243e-01    2.005e+01
   14    64    17 1.976e+00 -6.168e-01    1.000e-30
   15    62    24 -1.324e+00 -1.587e+00    1.000e-30
   16    62    24 -1.949e-01 -5.739e-01    2.006e+01
   17    51    31 -8.014e-01 -3.024e-01    2.007e+01
   18    51    31 6.621e-01 8.687e-01    1.950e+01
   19    49    51 1.024e+00 -2.783e-01    1.992e+01
   20    49    51 -5.133e-02 -6.770e-01    2.002e+01
   21    94    41 1.239e+00 -6.420e-01    1.949e+01
   22    94    41 -1.044e+00 1.730e-01    2.003e+01
   23   100    74 9.235e-02 -1.990e+00    1.000e-30
   24   100    74 8.063e-02 8.949e-01    1.994e+01
   25    97     4 3.205e-01 1.261e+00    1.949e+01
   26    97     4 -5.531e-01 1.507e-01    2.001e+01
   27    83    30 -4.569e-01 1.672e+00    1.000e-30
   28    83    30 1.729e+00 3.113e-01    1.000e-30
   29    21    42 1.691e+00 1.278e+00    1.000e-30
   30    21    42 7.658e-01 -5.750e-01    1.975e+01
   31    55    83 5.932e-01 4.198e-01    1.990e+01
   32    55    83 -4.559e-01 4.920e-01    2.011e+01
   33    19    37 1.074e+00 5.113e-01    1.972e+01
   34    19    37 -1.149e+00 -6.585e-01    2.050e+01
   35    48    73 1.119e+00 1.018e+00    1.000e-30
   36    48    73 9.610e-01 2.570e-02    2.000e+01
   37    66    74 3.845e-01 -1.098e+00    1.954e+01
   38    66    74 8.063e-02 -9.919e-01    1.992e+01
   39    55    57 5.930e-01 4.857e-01    1.986e+01
   40    55    57 -1.775e+00 1.750e-01    1.000e-30
   41    60    16 -1.509e+00 -1.028e-01    1.000e-30
   42    60    16 1.190e+00 -1.542e+00    1.000e-30
   43    37    19 -1.899e+00 -6.585e-01    1.000e-30
   44    37    19 1.824e+00 5.113e-01    1.000e-30
   45    65     2 1.294e+00 1.466e+00    1.000e-30
   46    65     2 -4.187e-01 -3.143e-01    2.004e+01
   47    73    39 1.477e+00 -1.104e+00    1.000e-30
   48    73    39 9.625e-01 1.016e+00    1.901e+01
   49    53    65 1.297e+00 -3.193e-01    1.987e+01
   50    53    65 -7.010e-01 -5.135e-01    2.018e+01
   51    35     7 1.136e+00 1.015e+00    1.000e-30
   52    35     7 -1.319e+00 8.771e-02    2.001e+01
   53    15    99 -1.337e+00 -8.011e-01    1.000e-30
   54    15    99 1.337e+00 -8.338e-01    1.000e-30
   55    84    66 -1.572e+00 -5.783e-01    1.000e-30
   56    84    66 3.845e-01 -1.069e+00    1.956e+01
   57    64     9 -2.873e-01 -6.743e-01    2.013e+01
   58    64     9 -1.057e-01 1.122e+00    2.013e+01
   59     1    32 1.652e+00 1.758e+00    1.000e-30
   60     1    32 -3.818e-01 -5.502e-01    2.012e+01
   61    10    22 5.650e-01 -1.253e+00    1.911e+01
   62    10    22 -1.694e+00 1.134e+00    1.000e-30
   63     9    44 -1.057e-01 1.113e-01    2.000e+01
   64     9    44 -2.211e-01 1.122e+00    2.028e+01
   65    88    68 -1.032e+00 8.028e-01    2.067e+01
   66    88    68 1.866e+00 -1.669e+00    1.000e-30
   67    78    69 2.421e-01 1.121e+00    1.970e+01
   68    78    69 -1.010e+00 -4.277e-01    2.018e+01
   69    95    77 1.151e+00 -1.637e+00    1.000e-30
   70    95    77 4.067e-01 1.996e+00    1.000e-30
   71    41    14 -1.044e+00 -6.395e-01    2.043e+01
   72    41    14 -1.772e+00 -8.026e-02    1.000e-30
   73    27    71 -1.195e+00 -1.244e+00    1.000e-30
   74    27    71 -9.699e-02 9.875e-01    2.009e+01
   75    71    53 -9.699e-02 9.875e-01    2.009e+01
   76    71    53 -7.026e-01 -5.116e-01    2.018e+01
   77    68    59 2.651e-01 2.713e-01    1.998e+01
   78    68    59 -1.288e-01 8.028e-01    2.008e+01
   79    72    93 9.859e-01 1.422e+00    1.000e-30
   80    72    93 -6.013e-01 2.635e-01    2.004e+01
   81    16    33 -9.978e-01 1.320e-01    2.002e+01
   82    16    33 1.209e+00 -1.043e-01    1.999e+01
   83    32    20 -3.817e-01 -8.003e-01    2.024e+01
   84    32    20 -1.384e+00 -6.744e-01    1.000e-30
   85    78    70 -1.508e+00 -2.946e-01    1.000e-30
   86    78    70 -8.908e-01 -4.271e-01    2.016e+01
   87     4     3 4.459e-01 2.606e-01    1.997e+01
   88     4     3 -1.668e+00 -1.188e+00    1.000e-30
   89    67    67 1.143e+00 3.590e-01    1.985e+01
   90    67    67 1.143e+00 3.560e-01    1.986e+01
   91    62    11 -3.243e-01 -5.719e-01    2.011e+01
   92    62    11 -1.778e+00 2.089e-01    1.000e-30
   93    48    94 1.235e+00 2.330e-01    1.993e+01
   94    48    94 6.035e-01 2.985e-02    2.000e+01
   95    97    22 -5.535e-01 1.213e+00    2.081e+01
   96    97    22 5.640e-01 -1.253e+00    1.911e+01
   97    21    59 9.414e-01 -5.750e-01    1.969e+01
   98    21    59 2.696e-01 2.713e-01    1.998e+01
   99    14   100 -8.341e-01 9.199e-01    2.071e+01
  100    14   100 9.235e-02 -1.035e-01    2.000e+01
New (    1) generation's statistics
 max=2.08148e+01 avg=1.25842e+01 min=1.00000e-30 sum=1.25842e+03
 nmutation=103 ncross=31

Max of all generations
occurred in generation no.    1 
chromosome variables
 11849 26322
design variables
 -5.535e-01 1.213e+00
raw fitness = 20.814781
Generation #  101 data (lchrom    15)
No. parent1 parent2      x     fitness
----------------------------------
Old Generation of Generation No.   101
    1    46    10 1.196e+00 3.825e-01    1.983e+01
    2    46    10 -7.223e-01 3.896e-01    2.011e+01
    3    61    70 -1.016e+00 6.690e-01    2.045e+01
    4    61    70 -5.430e-01 -6.676e-01    2.024e+01
    5    66     1 -1.983e-01 1.745e-01    2.001e+01
    6    66     1 -2.246e-01 1.215e+00    2.033e+01
    7    16    50 -1.224e-01 8.243e-01    2.008e+01
    8    16    50 -9.360e-01 1.483e+00    1.000e-30
    9    49    23 -1.220e+00 -1.299e+00    1.000e-30
   10    49    23 -1.002e+00 4.952e-01    2.025e+01
   11    95    14 1.638e-01 -3.562e-01    1.998e+01
   12    95    14 -3.428e-01 5.592e-01    2.011e+01
   13    22    84 1.688e-01 -1.343e+00    1.970e+01
   14    22    84 -4.401e-02 1.328e-01    2.000e+01
   15    31    25 6.976e-01 2.244e-01    1.996e+01
   16    31    25 8.801e-01 8.775e-01    1.932e+01
   17    76    60 1.035e+00 4.767e-02    2.000e+01
   18    76    60 -7.376e-01 3.413e-01    2.009e+01
   19    67    40 -2.648e-01 2.503e-03    2.000e+01
   20    67    40 6.562e-01 2.940e-01    1.994e+01
   21     2    13 -2.570e-01 2.469e-01    2.002e+01
   22     2    13 1.418e-01 4.204e-01    1.997e+01
   23    21    77 -9.952e-01 9.189e-01    2.084e+01
   24    21    77 2.830e-01 4.250e-01    1.995e+01
   25    12    62 -3.347e-01 1.147e-01    2.000e+01
   26    12    62 -7.900e-01 1.086e+00    2.093e+01
   27   100     6 -4.097e-01 1.096e-01    2.000e+01
   28   100     6 -7.812e-01 5.794e-01    2.026e+01
   29    68    30 -5.581e-01 5.210e-01    2.015e+01
   30    68    30 -9.566e-01 3.161e-01    2.010e+01
   31    42    39 -9.778e-01 9.038e-01    2.080e+01
   32    42    39 -4.825e-01 -2.534e-01    2.003e+01
   33    88    53 -4.398e-01 2.282e-01    2.002e+01
   34    88    53 1.347e-01 -2.244e-01    1.999e+01
   35    90    92 1.435e-01 3.835e-01    1.998e+01
   36    90    92 -3.131e-01 1.339e-01    2.001e+01
   37    27     4 -1.224e-01 8.592e-01    2.009e+01
   38    27     4 1.457e-01 7.470e-01    1.992e+01
   39    86    41 -8.303e-01 8.481e-01    2.060e+01
   40    86    41 7.395e-01 2.255e-01    1.996e+01
   41    71    73 -7.312e-01 -9.941e-01    2.072e+01
   42    71    73 -5.672e-01 6.696e-02    2.000e+01
   43    35    20 -5.846e-01 7.987e-01    2.037e+01
   44    35    20 -5.565e-01 4.355e-01    2.011e+01
   45    23    19 1.780e+00 9.196e-01    1.000e-30
   46    23    19 -1.857e+00 6.999e-01    1.000e-30
   47    64    72 1.619e-01 5.490e-01    1.995e+01
   48    64    72 -6.202e-01 9.246e-01    2.053e+01
   49    49    91 -1.002e+00 9.957e-01    2.099e+01
   50    49    91 -1.262e-01 4.849e-01    2.003e+01
   51    29    17 1.720e+00 2.944e-01    1.000e-30
   52    29    17 -1.795e+00 1.185e-01    1.000e-30
   53    51    81 -1.026e-01 9.491e-02    2.000e+01
   54    51    81 1.193e+00 2.058e-01    1.995e+01
   55    68    18 -3.105e-01 4.517e-01    2.006e+01
   56    68    18 -9.022e-01 4.411e-01    2.018e+01
   57    22    29 -3.312e-01 1.185e-01    2.000e+01
   58    22    29 1.220e+00 1.444e-01    1.997e+01
   59     1    59 -9.955e-02 4.807e-01    2.002e+01
   60     1    59 -3.229e-01 1.216e+00    2.048e+01
   61    82    75 -7.710e-01 2.935e-01    2.007e+01
   62    82    75 -6.539e-01 2.056e-01    2.003e+01
   63    96     5 6.627e-01 4.416e-01    1.987e+01
   64    96     5 -1.861e-01 8.377e-01    2.013e+01
   65     9    24 1.776e-01 6.408e-01    1.993e+01
   66     9    24 -1.693e-01 7.003e-01    2.008e+01
   67    32    65 -1.440e+00 -1.854e-01    1.000e-30
   68    32    65 1.163e+00 -7.304e-01    1.938e+01
   69    52    99 -5.838e-01 6.691e-01    2.026e+01
   70    52    99 -1.055e-01 3.728e-01    2.001e+01
   71    45    93 -6.363e-01 2.548e-01    2.004e+01
   72    45    93 -5.501e-01 1.212e-01    2.001e+01
   73    54    26 -9.323e-01 8.165e-01    2.062e+01
   74    54    26 -5.565e-01 7.540e-01    2.032e+01
   75    87    15 -8.615e-01 8.657e-01    2.065e+01
   76    87    15 -2.633e-01 2.879e-01    2.002e+01
   77    83     8 -1.068e+00 6.140e-01    2.040e+01
   78    83     8 -5.097e-02 6.506e-01    2.002e+01
   79    11     7 -5.390e-01 1.288e-02    2.000e+01
   80    11     7 -6.464e-02 5.516e-01    2.002e+01
   81    36    64 -4.169e-02 6.757e-01    2.002e+01
   82    36    64 1.619e-01 3.303e-01    1.998e+01
   83    48    85 -5.192e-01 2.059e-01    2.002e+01
   84    48    85 -3.967e-01 3.531e-01    2.005e+01
   85    17    94 2.049e-01 1.294e+00    1.966e+01
   86    17    94 -6.339e-01 2.366e-01    2.004e+01
   87    13    47 1.415e-01 8.657e-01    1.989e+01
   88    13    47 1.731e+00 4.202e-01    1.000e-30
   89    40    43 -1.344e+00 2.503e-03    2.000e+01
   90    40    43 -8.045e-01 1.116e-01    2.001e+01
   91    89    97 2.681e-01 1.522e-01    1.999e+01
   92    89    97 1.090e+00 7.033e-01    1.946e+01
   93    79    56 -3.428e-01 7.411e-01    2.019e+01
   94    79    56 2.841e-01 8.438e-01    1.980e+01
   95    33    69 1.244e+00 2.589e-01    1.992e+01
   96    33    69 -8.942e-02 1.223e+00    2.013e+01
   97    34    60 7.163e-01 8.502e-02    1.999e+01
   98    34    60 1.036e+00 -1.701e+00    1.000e-30
   99    25    28 6.301e-01 1.201e-01    1.999e+01
  100    25    28 7.557e-01 8.775e-01    1.942e+01
New Generation of Generation No.   101
    1    33    47 -4.398e-01 2.282e-01    2.002e+01
    2    33    47 1.776e-01 5.500e-01    1.995e+01
    3    24    86 2.830e-01 3.937e-01    1.996e+01
    4    24    86 -6.339e-01 2.366e-01    2.004e+01
    5    74    99 -5.584e-01 7.716e-01    2.033e+01
    6    74    99 6.300e-01 1.201e-01    1.999e+01
    7    96    16 8.791e-01 6.275e-01    1.965e+01
    8    96    16 -8.673e-02 1.098e+00    2.010e+01
    9     3    42 1.183e+00 5.493e-04    2.000e+01
   10     3    42 -1.016e+00 7.315e-01    2.054e+01
   11    89    38 -1.344e+00 5.025e-01    1.000e-30
   12    89    38 1.457e-01 2.392e-01    1.999e+01
   13    32    36 1.520e+00 1.373e-01    1.000e-30
   14    32    36 -3.131e-01 -2.568e-01    2.002e+01
   15    59    25 -9.955e-02 4.807e-01    2.002e+01
   16    59    25 -8.466e-02 1.127e-01    2.000e+01
   17    40     1 7.414e-01 2.255e-01    1.996e+01
   18    40     1 1.696e+00 3.824e-01    1.000e-30
   19    85    77 2.362e-01 7.944e-01    1.985e+01
   20    85    77 -1.005e+00 -8.861e-01    2.079e+01
   21     2    18 -9.723e-01 3.271e-01    2.010e+01
   22     2    18 -7.376e-01 4.035e-01    2.012e+01
   23    11    15 1.638e-01 -3.571e-01    1.998e+01
   24    11    15 6.956e-01 2.244e-01    1.996e+01
   25    58     6 1.220e+00 1.246e+00    1.000e-30
   26    58     6 -2.246e-01 1.445e-01    2.000e+01
   27    19     3 -2.648e-01 1.275e-01    2.000e+01
   28    19     3 -1.016e+00 6.691e-01    2.045e+01
   29    76    14 -2.633e-01 3.033e-01    2.002e+01
   30    76    14 -4.401e-02 1.328e-01    2.000e+01
   31    21    64 -2.570e-01 2.469e-01    2.002e+01
   32    21    64 -1.861e-01 8.377e-01    2.013e+01
   33    62    80 -6.539e-01 2.056e-01    2.003e+01
   34    62    80 -1.896e-01 5.516e-01    2.006e+01
   35    29    65 -5.581e-01 5.210e-01    2.015e+01
   36    29    65 1.776e-01 -1.359e+00    1.967e+01
   37    63    30 6.627e-01 4.416e-01    1.987e+01
   38    63    30 -7.066e-01 3.132e-01    2.007e+01
   39    90    56 -8.963e-01 3.859e-01    2.013e+01
   40    90    56 -8.084e-01 1.116e-01    2.001e+01
   41    20    92 1.078e+00 7.033e-01    1.947e+01
   42    20    92 6.525e-01 2.943e-01    1.994e+01
   43    50     5 -1.984e-01 1.745e-01    2.001e+01
   44    50     5 -1.260e-01 4.849e-01    2.003e+01
   45     4    71 -6.363e-01 2.548e-01    2.004e+01
   46     4    71 -5.430e-01 -6.677e-01    2.024e+01
   47    84    39 -3.029e-01 3.531e-01    2.004e+01
   48    84    39 -8.303e-01 8.481e-01    2.060e+01
   49    95    35 2.441e-01 3.835e-01    1.996e+01
   50    95    35 1.144e+00 2.589e-01    1.992e+01
   51    93    79 -5.929e-01 1.288e-02    2.000e+01
   52    93    79 -3.515e-01 7.411e-01    2.019e+01
   53    37    60 -1.224e-01 1.859e+00    1.000e-30
   54    37    60 -3.229e-01 2.163e-01    2.002e+01
   55    27    12 -3.785e-01 1.096e-01    2.000e+01
   56    27    12 -4.678e-01 5.592e-01    2.015e+01
   57    75    22 1.419e-01 4.165e-01    1.998e+01
   58    75    22 1.013e+00 8.657e-01    1.924e+01
   59    10    87 -1.002e+00 4.952e-01    2.025e+01
   60    10    87 -1.851e+00 1.614e+00    1.000e-30
   61    12    55 -3.428e-01 9.654e-01    2.032e+01
   62    12    55 -3.103e-01 5.455e-01    2.009e+01
   63    82    70 1.619e-01 8.747e-01    1.988e+01
   64    82    70 -6.055e-01 3.303e-01    2.007e+01
   65     1    23 -8.045e-01 8.825e-01    2.063e+01
   66     1    23 -7.452e-01 4.189e-01    2.013e+01
   67    41    31 1.023e+00 9.038e-01    1.916e+01
   68    41    31 -7.317e-01 -9.941e-01    2.072e+01
   69    72    61 1.229e+00 3.560e-01    1.984e+01
   70    72    61 -1.050e+00 1.212e-01    2.002e+01
   71    29    81 -5.581e-01 5.208e-01    2.015e+01
   72    29    81 -4.169e-02 1.757e-01    2.000e+01
   73    44    83 -5.555e-01 4.355e-01    2.011e+01
   74    44    83 -5.192e-01 -1.794e+00    1.000e-30
   75     6    54 1.192e+00 2.058e-01    1.995e+01
   76     6    54 -2.241e-01 1.207e+00    2.033e+01
   77    97    48 7.163e-01 9.246e-01    1.939e+01
   78    97    48 -6.202e-01 8.502e-02    2.000e+01
   79    58    69 1.220e+00 6.600e-01    1.947e+01
   80    58    69 -1.584e+00 1.535e-01    1.000e-30
   81    73   100 -9.323e-01 8.165e-01    2.062e+01
   82    73   100 7.557e-01 8.775e-01    1.942e+01
   83    66    28 -2.807e-01 5.794e-01    2.009e+01
   84    66    28 -1.689e-01 7.003e-01    2.008e+01
   85     7    68 -1.224e-01 7.931e-01    2.008e+01
   86     7    68 1.164e+00 -7.304e-01    1.938e+01
   87    91    62 -6.381e-01 7.056e-01    2.032e+01
   88    91    62 1.315e+00 1.522e-01    1.997e+01
   89    13    94 2.835e-01 9.688e-01    1.973e+01
   90    13    94 4.389e-02 -1.342e+00    1.992e+01
   91    34    57 1.347e-01 2.557e-02    2.000e+01
   92    34    57 -3.312e-01 -1.276e-01    2.001e+01
   93    53    49 -1.026e-01 1.095e+00    2.012e+01
   94    53    49 -1.018e+00 9.996e-01    1.000e-30
   95    17    14 1.285e+00 2.977e-01    1.989e+01
   96    17    14 -4.328e-02 1.328e-01    2.000e+01
   97    43    54 1.195e+00 2.058e-01    1.995e+01
   98    43    54 -5.847e-01 4.100e-01    2.010e+01
   99    78    26 -5.097e-02 1.151e+00    2.007e+01
  100    78    26 -7.910e-01 -1.422e+00    1.000e-30
New (  101) generation's statistics
 max=2.07891e+01 avg=1.80209e+01 min=1.00000e-30 sum=1.80209e+03
 nmutation=10123 ncross=2994

Max of all generations
occurred in generation no.    9 
chromosome variables
  9345 25501
design variables
 -8.592e-01 1.113e+00
raw fitness = 21.064392
